1
4
8
29
42
26
7
44
8
4
6
9
4
4
26
26
7
44
7
4
5
26
5
8
4
11
44
11
8
8
5
7
42
1
9
29
42
8
7
5
8
29
5
44
9
8
42
29
4
42
26
44
29
29
8
1
29
44
5
1
11
9
29
5
5
6
44
5
26
29
5
26
11
26
9
42
4
26
6
26
5
26
8
1
5
42
44
29
11
5
26
5
1
6
9
5
6
44
5
44
26
6
1
26
29
5
7
42
7
11
9
44
9
9
42
29
26
8
26
11
9
4
7
26
1
7
5
5
8
44
26
44
29
26
11
8
42
42
4
11
8
11
5
9
7
1
42
26
26
6
6
7
7
7
6
26
4
26
9
11
42
11
26
6
7
44
7
44
29
6
44
42
4
5
29
5
7
11
7
29
26
6
8
42
7
42
1
11
26
44
29
1
26
26
44
8
42
6
11
26
42
42
11
9
8
9
44
26
5
26
29
1
9
1
9
42
5
11
9
6
11
8
5
4
26
5
4
29
1
6
4
7
1
5
7
29
26
6
4
26
29
4
42
9
11
9
4
8
4
7
