3
189
165
87
130
164
6
183
101
79
3
189
165
87
130
164
6
183
101
79
3
189
165
87
130
164
6
183
101
79
3
189
165
87
130
164
6
183
101
79
3
189
165
87
130
164
6
183
101
79
3
189
165
87
130
164
6
183
101
79
3
189
165
87
130
164
6
183
101
79
3
189
165
87
130
164
6
183
101
79
3
189
165
87
130
164
6
183
101
79
3
189
165
87
130
164
6
183
101
79
3
189
165
87
130
164
6
183
101
79
3
189
165
87
130
164
6
183
101
79
3
189
165
87
130
164
6
183
101
79
3
189
165
87
130
164
6
183
101
79
3
189
165
87
130
164
6
183
101
79
3
189
165
87
130
164
6
183
101
79
3
189
165
87
130
164
6
183
101
79
3
189
165
87
130
164
6
183
101
79
3
189
165
87
130
164
6
183
101
79
3
189
165
87
130
164
6
183
101
79
3
189
165
87
130
164
6
183
101
79
3
189
165
87
130
164
6
183
101
79
3
189
165
87
130
164
6
183
101
79
3
189
165
87
130
164
6
183
101
79
3
189
165
87
130
164
6
183
101
79
3
189
165
87
130
164
6
183
101
79
3
189
165
87
130
164
6
183
101
79
3
189
165
87
130
164
6
183
101
79
3
189
165
87
130
164
6
183
101
79
3
189
165
87
130
164
6
183
101
79
3
189
165
87
130
164
6
183
101
79
3
189
165
87
130
164
6
183
101
79
3
189
165
87
130
164
6
183
101
79
3
189
165
87
130
164
6
183
101
79
3
189
165
87
130
164
6
183
101
79
3
189
165
87
130
164
6
183
101
79
3
189
165
87
130
164
6
183
101
79
3
189
165
87
130
164
6
183
101
79
3
189
165
87
130
164
6
183
101
79
3
189
165
87
130
164
6
183
101
79
3
189
165
87
130
164
6
183
101
79
3
189
165
87
130
164
6
183
101
79
3
189
165
87
130
164
6
183
101
79
3
189
165
87
130
164
6
183
101
79
3
189
165
87
130
164
6
183
101
79
3
189
165
87
130
164
6
183
101
79
3
189
165
87
130
164
6
183
101
79
3
189
165
87
130
164
6
183
101
79
3
189
165
87
130
164
6
183
101
79
3
189
165
87
130
164
6
183
101
79
