35
185
20
125
220
35
185
20
125
220
35
185
20
125
220
35
185
20
125
220
35
185
20
125
220
35
185
20
125
220
35
185
20
125
220
35
185
20
125
220
35
185
20
125
220
35
185
20
125
220
35
185
20
125
220
35
185
20
125
220
35
185
20
125
220
35
185
20
125
220
35
185
20
125
220
35
185
20
125
220
35
185
20
125
220
35
185
20
125
220
35
185
20
125
220
35
185
20
125
220
35
185
20
125
220
35
185
20
125
220
35
185
20
125
220
35
185
20
125
220
35
185
20
125
220
35
185
20
125
220
35
185
20
125
220
35
185
20
125
220
35
185
20
125
220
35
185
20
125
220
35
185
20
125
220
35
185
20
125
220
35
185
20
125
220
35
185
20
125
220
35
185
20
125
220
35
185
20
125
220
35
185
20
125
220
35
185
20
125
220
35
185
20
125
220
35
185
20
125
220
35
185
20
125
220
35
185
20
125
220
35
185
20
125
220
35
185
20
125
220
35
185
20
125
220
35
185
20
125
220
35
185
20
125
220
35
185
20
125
220
35
185
20
125
220
35
185
20
125
220
