148
23
55
163
6
2
109
139
145
22
148
23
55
163
6
2
109
139
145
22
148
23
55
163
6
2
109
139
145
22
148
23
55
163
6
2
109
139
145
22
148
23
55
163
6
2
109
139
145
22
148
23
55
163
6
2
109
139
145
22
148
23
55
163
6
2
109
139
145
22
148
23
55
163
6
2
109
139
145
22
148
23
55
163
6
2
109
139
145
22
148
23
55
163
6
2
109
139
145
22
148
23
55
163
6
2
109
139
145
22
148
23
55
163
6
2
109
139
145
22
148
23
55
163
6
2
109
139
145
22
148
23
55
163
6
2
109
139
145
22
148
23
55
163
6
2
109
139
145
22
148
23
55
163
6
2
109
139
145
22
148
23
55
163
6
2
109
139
145
22
148
23
55
163
6
2
109
139
145
22
148
23
55
163
6
2
109
139
145
22
148
23
55
163
6
2
109
139
145
22
148
23
55
163
6
2
109
139
145
22
148
23
55
163
6
2
109
139
145
22
148
23
55
163
6
2
109
139
145
22
148
23
55
163
6
2
109
139
145
22
148
23
55
163
6
2
109
139
145
22
148
23
55
163
6
2
109
139
145
22
148
23
55
163
6
2
109
139
145
22
148
23
55
163
6
2
109
139
145
22
148
23
55
163
6
2
109
139
145
22
148
23
55
163
6
2
109
139
145
22
148
23
55
163
6
2
109
139
145
22
148
23
55
163
6
2
109
139
145
22
148
23
55
163
6
2
109
139
145
22
148
23
55
163
6
2
109
139
145
22
148
23
55
163
6
2
109
139
145
22
148
23
55
163
6
2
109
139
145
22
148
23
55
163
6
2
109
139
145
22
148
23
55
163
6
2
109
139
145
22
148
23
55
163
6
2
109
139
145
22
148
23
55
163
6
2
109
139
145
22
148
23
55
163
6
2
109
139
145
22
148
23
55
163
6
2
109
139
145
22
148
23
55
163
6
2
109
139
145
22
148
23
55
163
6
2
109
139
145
22
148
23
55
163
6
2
109
139
145
22
148
23
55
163
6
2
109
139
145
22
148
23
55
163
6
2
109
139
145
22
148
23
55
163
6
2
109
139
145
22
148
23
55
163
6
2
109
139
145
22
148
23
55
163
6
2
109
139
145
22
