200
405
62
103
144
193
68
211
561
103
244
104
128
193
281
576
211
189
37
68
538
576
253
281
128
574
39
167
576
167
128
115
202
538
115
175
175
253
59
284
167
128
167
281
14
68
39
182
175
574
212
253
223
37
405
68
284
423
423
20
169
216
104
128
142
491
281
182
211
457
212
200
68
574
244
10
97
142
295
169
142
212
115
561
244
405
10
200
193
68
438
87
104
561
212
42
62
128
298
298
438
491
295
284
175
212
20
42
72
241
244
97
144
538
538
284
167
216
298
175
14
253
189
155
576
104
39
561
14
457
104
10
212
295
97
62
20
189
561
200
561
39
39
457
20
200
10
241
72
42
39
97
216
212
574
223
223
167
200
104
576
193
169
175
212
211
165
103
59
165
42
104
117
241
223
423
284
211
115
175
281
567
423
211
72
182
68
561
189
295
72
295
128
182
574
216
223
457
115
14
155
223
117
212
405
72
128
567
20
193
298
200
253
167
576
182
115
202
189
244
561
72
62
68
14
42
200
97
223
538
20
298
211
20
142
241
200
62
216
212
295
216
39
200
223
491
169
193
423
165
37
128
567
175
10
423
169
104
42
103
561
212
244
39
438
97
423
576
10
167
223
405
165
167
169
117
142
117
576
202
68
567
295
200
244
59
223
97
42
193
97
62
298
438
295
457
62
298
216
211
97
491
165
253
200
574
438
567
142
200
457
144
212
438
200
142
189
62
212
284
165
295
115
295
405
253
62
165
142
142
538
491
14
284
216
212
37
182
175
211
20
244
202
104
103
567
169
68
144
87
117
253
14
117
193
165
103
438
423
117
538
59
211
241
244
37
253
144
167
39
193
68
567
193
189
200
175
104
42
104
211
241
244
20
14
128
42
244
175
298
115
405
169
142
104
574
10
200
155
20
193
167
212
115
72
175
457
574
167
253
37
20
405
97
561
193
491
491
244
576
68
491
561
144
20
175
97
457
142
216
574
20
284
103
68
216
457
423
574
169
241
68
223
244
97
42
253
457
10
211
155
561
10
87
244
10
155
103
103
298
97
68
175
42
42
165
574
142
223
167
62
128
97
423
59
169
241
182
284
189
72
216
42
42
62
423
223
491
284
423
72
216
59
438
211
538
241
144
281
202
62
212
423
87
298
72
284
298
405
561
298
457
253
200
244
117
491
211
491
200
438
298
14
193
241
144
103
10
423
14
281
281
182
10
103
169
567
438
39
216
59
68
39
200
155
438
155
10
39
567
295
538
10
128
182
574
68
216
576
561
14
223
253
117
20
244
576
281
62
567
561
491
144
103
189
20
142
142
42
567
567
142
561
175
189
62
165
104
576
103
42
574
169
117
298
244
165
574
104
42
97
144
169
72
42
167
200
115
244
567
202
200
59
298
59
438
10
37
253
182
20
576
14
423
142
281
68
182
212
212
14
202
538
567
97
59
244
405
117
39
223
144
104
491
117
223
574
87
167
68
253
193
155
574
567
202
561
87
281
223
14
59
175
167
200
167
200
117
59
87
128
574
175
165
72
167
37
253
423
182
72
281
10
423
103
202
281
567
14
165
223
115
457
189
144
117
574
438
144
165
189
193
182
216
115
567
200
281
202
561
193
39
405
212
175
295
202
104
212
295
165
117
202
37
87
244
68
405
14
20
72
281
405
189
115
142
298
59
68
200
62
14
37
72
405
175
128
10
241
14
281
62
72
175
189
253
298
167
104
438
216
14
72
491
39
281
298
576
576
491
104
202
68
281
298
103
155
253
128
72
165
295
212
281
189
144
169
97
211
561
423
298
561
87
97
438
576
155
241
561
97
202
155
567
576
62
39
405
97
42
193
423
167
155
68
175
182
20
216
216
491
42
253
59
223
165
200
216
169
115
104
457
165
241
104
491
142
42
39
20
144
165
567
202
42
155
567
103
202
284
284
115
62
128
175
144
244
37
193
10
20
104
59
298
281
62
42
144
62
42
14
10
244
216
62
155
14
284
457
14
97
169
200
281
97
165
14
39
10
169
155
142
14
20
182
281
37
491
59
423
42
223
298
167
574
457
62
567
211
144
167
576
281
423
68
561
37
37
68
155
87
244
169
72
200
567
298
97
103
14
97
115
567
39
104
87
574
167
253
576
20
193
438
202
253
175
39
115
423
42
576
37
189
212
457
295
281
200
39
200
115
212
253
538
10
423
87
491
574
284
200
405
68
405
37
216
182
457
39
216
538
295
281
491
405
59
62
10
202
87
182
561
97
253
284
97
457
68
405
103
